1 224
1 402
1 460
2 35
2 37
2 56
2 70
2 152
2 228
2 234
2 426
2 460
2 542
3 79
4 23
4 79
4 82
4 146
4 185
4 247
4 259
4 297
4 302
4 331
4 372
4 415
4 429
4 592
5 298
6 49
6 181
6 276
6 294
6 348
6 379
7 65
7 94
7 115
7 155
7 189
7 208
7 228
7 254
7 336
7 528
8 20
8 94
8 135
8 281
8 352
8 420
8 452
9 28
9 216
9 239
9 305
9 396
9 423
10 285
10 400
11 314
12 313
13 116
13 178
13 261
13 408
13 463
13 498
13 539
14 528
15 47
15 111
15 124
15 168
15 196
15 238
15 310
15 361
15 371
15 392
15 442
15 443
15 488
15 540
15 568
16 60
16 68
16 85
16 166
16 214
16 227
16 418
16 447
16 464
16 510
16 525
17 90
17 137
17 201
17 227
17 407
17 427
18 69
18 109
18 231
18 246
18 252
18 524
18 590
19 160
19 211
20 3
20 79
20 82
20 116
20 164
20 167
20 185
20 216
20 227
20 230
20 257
20 282
20 331
20 401
20 421
20 427
20 434
20 475
20 512
20 529
20 537
20 548
20 552
21 216
21 227
21 269
21 322
21 475
22 145
23 67
23 254
23 474
23 479
23 502
23 514
24 42
24 65
24 77
24 132
24 231
24 277
24 383
24 448
24 458
24 480
24 482
24 536
25 277
26 19
26 586
27 410
28 386
29 506
30 335
30 506
31 134
31 141
31 285
31 304
31 320
31 334
31 340
31 400
31 478
31 530
32 20
32 35
32 62
32 70
32 94
32 135
32 138
32 152
32 281
32 314
32 342
32 352
32 420
32 452
33 165
33 261
33 311
33 396
33 437
33 514
33 541
34 5
34 6
34 429
35 53
35 80
35 105
35 151
35 153
35 190
35 280
35 307
35 351
35 385
35 439
35 445
35 459
35 485
35 489
35 554
36 53
36 80
36 105
36 151
36 153
36 190
36 280
36 307
36 351
36 385
36 439
36 445
36 459
36 485
36 489
36 554
37 8
38 53
38 80
38 105
38 151
38 153
38 190
38 280
38 307
38 351
38 385
38 439
38 445
38 459
38 483
38 485
38 489
38 554
39 30
39 60
39 261
39 313
39 359
39 386
39 424
39 525
39 530
39 591
40 272
41 197
42 30
42 228
43 1
43 3
43 89
43 126
43 247
43 302
43 406
43 415
43 575
44 49
44 81
44 180
44 300
44 476
45 253
46 335
47 335
48 335
49 201
49 227
49 296
49 407
50 104
50 165
50 254
50 261
50 333
50 541
51 104
51 249
51 333
51 344
52 5
52 88
53 88
54 88
55 88
56 425
57 186
58 40
58 313
58 579
59 90
59 216
59 227
59 427
59 475
59 548
60 321
61 63
61 197
61 234
61 275
61 309
62 38
62 83
62 129
62 139
62 169
62 187
62 203
62 273
62 278
62 365
62 380
62 518
62 526
62 527
63 83
63 129
63 139
63 169
63 187
63 273
63 278
63 365
63 380
63 518
63 527
64 68
65 76
65 170
66 76
66 170
67 11
67 40
67 96
67 97
67 104
67 174
67 186
67 195
67 223
67 233
67 235
67 239
67 249
67 298
67 315
67 333
67 344
67 360
67 394
67 400
67 408
67 422
67 436
67 454
67 460
67 560
68 231
69 30
69 589
70 31
70 81
70 84
70 156
70 173
70 213
70 234
70 313
70 441
70 496
70 497
70 550
70 579
70 580
71 506
72 4
72 79
72 146
72 261
72 291
73 24
73 55
73 258
73 265
73 449
73 466
73 472
73 473
73 545
74 99
74 157
74 234
74 426
74 456
74 500
75 258
75 262
75 449
75 545
76 145
76 164
76 207
76 247
76 433
76 475
76 557
76 582
76 593
77 318
78 318
79 134
79 275
79 283
79 411
79 471
79 551
79 558
80 16
80 40
80 59
80 96
80 97
80 98
80 119
80 125
80 128
80 139
80 159
80 183
80 198
80 200
80 212
80 225
80 319
80 326
80 333
80 357
80 374
80 379
80 400
80 436
80 454
80 465
80 508
80 538
80 541
80 571
81 530
82 267
83 15
83 17
83 27
83 48
83 191
83 202
83 215
83 237
83 283
83 288
83 291
83 304
83 334
83 369
83 373
83 419
83 445
83 462
83 521
84 46
84 127
84 139
85 261
85 359
85 408
86 346
87 11
87 30
87 37
87 40
87 56
87 72
87 78
87 81
87 86
87 87
87 96
87 99
87 103
87 104
87 107
87 114
87 120
87 171
87 172
87 173
87 174
87 176
87 182
87 186
87 193
87 198
87 206
87 213
87 225
87 233
87 234
87 239
87 241
87 249
87 251
87 268
87 271
87 286
87 295
87 303
87 315
87 316
87 333
87 343
87 353
87 360
87 375
87 376
87 382
87 389
87 390
87 396
87 399
87 400
87 405
87 426
87 431
87 454
87 470
87 493
87 496
87 499
87 500
87 505
87 515
87 516
87 525
87 528
87 531
87 571
87 574
88 112
88 125
88 139
88 144
88 160
88 254
88 261
88 263
88 278
88 359
88 408
88 461
88 465
89 204
89 230
89 290
89 537
90 254
91 239
91 259
91 333
91 400
91 454
92 1
93 60
93 447
93 464
93 510
94 165
94 227
94 254
94 261
94 318
94 437
95 7
95 254
95 261
95 400
95 424
95 541
96 298
96 541
97 530
98 289
98 495
98 526
98 535
99 85
99 356
99 358
99 433
99 548
100 85
100 356
100 358
100 433
100 548
101 349
101 538
102 189
103 40
103 50
103 59
103 72
103 95
103 96
103 98
103 104
103 118
103 129
103 160
103 199
103 209
103 231
103 261
103 277
103 279
103 292
103 293
103 333
103 388
103 390
103 400
103 403
103 404
103 426
103 428
103 505
103 540
104 46
104 69
104 109
104 231
104 246
104 252
104 287
104 524
104 590
105 172
105 442
105 500
105 572
106 314
106 461
106 465
107 424
108 293
108 390
108 505
109 26
109 27
109 33
109 38
109 41
109 43
109 48
109 54
109 69
109 71
109 73
109 83
109 93
109 102
109 113
109 115
109 124
109 129
109 130
109 134
109 147
109 155
109 161
109 169
109 172
109 187
109 191
109 202
109 203
109 205
109 215
109 226
109 231
109 234
109 241
109 244
109 246
109 255
109 273
109 275
109 277
109 283
109 288
109 289
109 291
109 304
109 337
109 338
109 341
109 347
109 365
109 367
109 368
109 369
109 371
109 373
109 378
109 380
109 409
109 411
109 412
109 419
109 429
109 441
109 444
109 445
109 469
109 471
109 481
109 491
109 500
109 504
109 515
109 517
109 518
109 521
109 524
109 526
109 544
109 547
109 551
109 558
109 565
109 590
110 25
110 49
110 81
110 108
110 180
110 300
110 379
110 476
110 507
110 534
110 543
110 546
111 189
112 56
112 65
112 182
112 228
112 254
112 426
113 11
113 104
113 186
113 195
113 223
113 233
113 235
113 239
113 249
113 298
113 315
113 333
113 344
113 360
113 400
113 422
113 436
113 454
113 460
113 560
114 48
114 79
114 291
114 373
114 419
115 4
115 23
115 79
115 185
115 259
115 297
115 372
115 592
116 163
116 210
116 212
116 311
116 470
116 492
116 501
116 541
117 4
117 79
117 146
117 259
117 372
117 490
118 25
118 32
118 49
118 81
118 148
118 173
118 180
118 189
118 213
118 300
118 460
118 476
118 497
118 546
119 35
119 62
119 70
119 100
119 131
119 138
119 152
119 192
119 299
119 314
119 342
119 386
119 420
119 513
119 522
119 542
119 567
120 35
120 62
120 70
120 100
120 138
120 152
120 192
120 299
120 314
120 513
120 567
121 10
122 231
122 234
122 246
122 289
122 325
122 391
123 254
123 587
124 282
124 529
125 186
125 249
126 186
127 1
128 105
128 269
129 1
129 3
129 82
129 194
129 331
129 475
129 487
129 520
129 525
129 548
130 41
130 130
130 226
130 347
130 371
130 471
130 544
131 71
131 113
131 134
131 147
131 172
131 241
131 306
131 444
131 480
131 481
131 521
132 588
133 588
134 250
134 254
134 261
134 424
134 541
135 455
136 63
136 94
136 108
136 123
136 150
136 160
136 180
136 183
136 197
136 224
136 228
136 256
136 284
136 309
136 350
136 395
136 457
136 460
136 534
136 543
136 556
136 564
136 583
137 318
138 166
138 201
138 227
138 328
138 446
139 49
139 159
139 197
139 309
140 89
140 105
140 126
140 302
140 415
140 570
141 433
142 230
142 254
142 261
142 424
142 541
142 544
143 44
143 75
143 149
143 229
143 340
143 535
144 145
144 427
145 30
145 32
146 272
146 306
147 69
147 231
147 335
147 384
147 426
147 524
148 47
148 111
148 124
148 157
148 168
148 196
148 232
148 238
148 310
148 314
148 335
148 361
148 392
148 394
148 488
148 506
148 524
148 568
149 30
149 228
149 293
150 327
150 432
150 447
150 532
151 442
152 82
152 89
152 116
152 126
152 247
152 302
152 406
152 415
153 175
154 214
154 427
154 537
155 14
155 264
156 20
156 114
156 128
156 157
156 172
156 177
156 241
156 277
156 293
156 295
156 390
156 500
156 505
156 528
157 136
157 291
157 368
157 373
157 378
158 261
159 13
159 584
160 506
161 11
161 104
161 186
161 195
161 223
161 233
161 235
161 239
161 249
161 298
161 315
161 333
161 344
161 360
161 400
161 422
161 436
161 454
161 460
161 560
162 48
162 136
162 155
162 244
162 291
162 373
162 378
162 429
163 29
163 51
163 52
163 74
163 106
163 142
163 163
163 179
163 210
163 212
163 220
163 240
163 254
163 261
163 270
163 278
163 301
163 312
163 324
163 345
163 357
163 366
163 377
163 398
163 408
163 417
163 430
163 432
163 458
163 492
163 532
163 533
163 541
163 559
163 566
163 576
164 330
164 335
164 384
164 426
165 133
166 227
166 261
166 424
167 52
167 74
167 106
167 136
167 179
167 270
167 291
167 345
167 366
167 368
167 373
167 378
167 417
167 532
167 533
168 427
169 67
169 474
169 479
169 502
170 577
171 133
172 133
173 236
174 133
174 410
175 48
175 57
175 136
175 155
175 161
175 205
175 244
175 291
175 341
175 346
175 359
175 368
175 373
175 378
175 429
175 521
175 541
175 575
176 82
176 257
176 274
176 302
176 331
176 415
176 512
177 530
178 9
178 21
178 65
178 94
178 143
178 224
178 243
178 272
178 317
178 330
178 335
178 346
178 349
178 381
178 384
178 467
178 506
178 523
178 561
178 563
179 160
179 211
180 506
181 12
182 166
182 214
182 227
182 254
182 261
182 290
182 322
182 418
182 435
182 464
182 509
182 541
182 549
183 22
183 49
183 133
183 159
183 309
184 22
184 49
184 159
184 309
185 133
186 157
186 181
186 232
186 314
186 327
186 506
187 88
188 20
189 154
190 227
190 387
191 289
191 495
191 526
191 535
192 20
193 58
193 110
193 218
193 227
193 245
193 261
193 311
193 324
193 354
193 424
193 541
193 553
194 68
194 85
194 122
194 158
194 166
194 201
194 214
194 227
194 230
194 328
194 356
194 418
194 427
194 464
194 510
194 525
195 506
196 506
197 530
198 9
198 21
198 94
198 224
198 272
198 317
198 346
198 384
198 523
198 561
198 563
199 13
200 257
200 512
201 17
201 462
202 346
203 450
203 453
204 104
205 186
205 214
205 227
205 322
205 418
205 435
206 393
206 555
207 68
207 85
207 166
207 214
207 227
207 253
207 260
207 261
207 290
207 418
207 427
207 447
207 464
207 509
207 510
207 525
207 549
208 272
209 569
210 13
211 32
211 46
211 99
211 148
211 180
211 213
211 217
211 287
211 300
211 333
211 454
211 476
212 7
212 217
212 308
212 424
212 484
212 572
213 91
213 227
213 230
213 261
213 541
213 585
214 435
215 34
215 68
215 79
215 146
215 184
215 201
215 214
215 427
215 450
215 451
216 460
217 460
218 76
218 170
219 161
219 291
219 341
219 368
219 373
219 378
220 201
220 214
220 356
220 427
220 451
221 60
221 212
221 393
221 502
222 189
223 201
223 227
223 269
223 407
223 427
224 17
225 545
226 157
226 413
226 480
227 22
227 49
227 159
227 309
228 18
229 433
229 435
230 104
231 36
231 72
231 144
231 196
231 363
231 397
231 468
231 477
231 497
231 580
231 581
232 20
233 23
233 61
233 212
233 336
233 424
233 438
233 447
233 532
234 68
234 85
234 166
234 214
234 227
234 418
234 464
234 525
235 330
235 335
235 384
235 426
236 214
236 227
236 356
236 427
236 451
237 121
237 332
238 370
239 85
239 201
239 227
239 230
239 328
239 510
240 289
240 495
240 526
240 535
241 76
241 170
241 221
241 323
242 60
242 66
242 68
242 79
242 91
242 146
242 167
242 201
242 214
242 216
242 222
242 227
242 230
242 253
242 261
242 266
242 290
242 318
242 322
242 328
242 355
242 356
242 358
242 359
242 407
242 408
242 418
242 427
242 433
242 435
242 446
242 464
242 475
242 494
242 503
242 510
242 541
242 548
242 549
242 552
242 585
243 19
243 586
244 15
244 17
245 15
245 20
246 101
247 50
247 72
247 98
247 129
247 160
247 199
247 231
247 279
247 292
248 189
249 330
249 335
249 384
249 426
249 523
250 108
250 309
250 550
251 36
251 144
251 363
251 468
251 477
251 580
251 581
252 111
252 196
252 238
252 248
252 261
252 339
252 359
252 361
252 392
253 5
253 6
254 133
255 176
255 239
256 72
256 467
257 506
258 162
258 295
258 419
258 588
259 82
259 274
259 331
259 415
260 160
260 211
261 285
261 320
261 340
261 478
261 530
262 1
262 114
262 172
262 241
262 295
262 500
262 528
263 330
263 335
263 384
263 426
263 523
264 47
264 111
264 168
264 238
264 310
264 321
264 392
264 488
264 501
264 573
265 48
265 136
265 155
265 161
265 261
265 291
265 339
265 341
265 346
265 359
265 368
265 373
265 378
265 429
265 521
265 541
265 575
266 53
266 80
266 105
266 151
266 153
266 190
266 280
266 307
266 351
266 385
266 439
266 445
266 459
266 485
266 489
266 554
267 5
267 173
267 213
268 64
269 562
270 29
270 52
270 74
270 106
270 142
270 179
270 240
270 270
270 278
270 301
270 312
270 324
270 345
270 357
270 366
270 377
270 398
270 417
270 430
270 432
270 458
270 532
270 533
270 559
270 566
271 5
271 173
271 213
272 393
272 555
273 30
273 128
273 234
273 293
273 349
273 390
273 530
274 24
274 141
274 285
274 320
274 340
274 400
274 414
274 478
274 530
275 1
275 3
275 82
275 520
276 214
276 541
276 575
277 117
277 214
277 227
277 290
277 416
277 418
277 427
277 509
277 525
278 36
278 144
278 363
278 397
278 468
278 477
278 580
278 581
279 83
279 129
279 139
279 169
279 187
279 273
279 278
279 365
279 380
279 518
279 527
280 162
280 502
281 4
281 146
281 259
281 372
281 490
282 104
282 521
283 110
283 165
283 242
283 362
283 493
284 588
285 1
285 2
285 39
285 45
285 155
285 163
285 219
285 302
285 318
285 321
285 396
285 406
285 415
285 416
285 440
285 570
286 330
286 335
286 384
286 426
286 523
287 72
287 467
288 20
288 94
288 135
288 281
288 352
288 420
288 452
289 145
289 146
289 164
289 247
289 433
289 557
289 582
289 593
290 20
290 160
291 160
292 592
293 30
293 530
294 11
294 104
294 186
294 195
294 223
294 233
294 235
294 239
294 249
294 298
294 315
294 333
294 344
294 360
294 400
294 422
294 436
294 454
294 460
294 560
295 50
296 72
296 81
296 180
297 50
298 50
299 50
300 42
300 69
300 92
300 113
300 140
300 188
300 234
300 277
300 285
300 383
300 448
300 486
300 491
300 511
300 519
301 330
301 335
301 384
301 426
301 523
302 330
302 335
302 384
302 426
302 523
303 330
303 335
303 384
303 426
303 523
304 330
304 335
304 384
304 426
304 523
305 253
306 11
306 104
306 186
306 195
306 223
306 233
306 235
306 239
306 249
306 298
306 315
306 333
306 344
306 360
306 400
306 422
306 436
306 454
306 460
306 560
307 22
307 49
307 159
307 309
308 96
308 97
308 103
308 139
308 144
308 200
308 357
308 364
308 382
308 405
308 461
308 465
308 578
309 330
309 335
309 384
309 426
309 523
310 506
311 55
311 134
311 304
311 329
311 334
311 371
311 443
312 42
312 69
312 92
312 113
312 140
312 188
312 277
312 285
312 383
312 448
313 26
313 27
313 33
313 38
313 43
313 48
313 54
313 69
313 71
313 73
313 93
313 102
313 113
313 115
313 129
313 134
313 147
313 155
313 161
313 172
313 191
313 202
313 203
313 205
313 215
313 231
313 234
313 237
313 241
313 244
313 246
313 255
313 275
313 277
313 283
313 288
313 289
313 291
313 304
313 337
313 338
313 341
313 367
313 368
313 369
313 373
313 378
313 409
313 411
313 412
313 429
313 441
313 444
313 445
313 471
313 481
313 491
313 500
313 504
313 515
313 517
313 521
313 524
313 547
313 551
313 558
313 565
313 590
